player 25 1000
door 1650 825
platform 0 1050 1875 1025
platform 275 950 450 925
platform 650 850 850 825
platform 550 875 475 875
platform 925 775 1250 775
platform 1150 875 1275 875
platform 550 700 350 675
platform 575 525 300 500
platform 750 575 900 575
platform 1125 525 1225 525
platform 1175 650 1300 650
platform 1050 600 975 600
platform 1550 500 1675 475
platform 1400 450 1275 425
platform 1550 725 1675 725
platform 1550 900 1700 900
platform 1625 350 1750 350
platform 175 850 50 850
platform 150 700 50 675
platform 175 975 125 1000
platform 800 975 1025 975
